10358902
10371041
10386878
10470705
10470707
10470710
10470713
10470719
10470722
10470803
12215819
12215821
12215822
12694116
12694118
12694267
2577819
31248623
31598092
31659103
31993377
31999531
32157375
32157388
32157403
32157406
32393894
33520795
34607107
35281467
35575738
35981994
37440334
3750304
37716474
37733804
37733805
37753510
37955528
4472508
4503127
4823979
5002125
5108303
5176974
5176975
5237413
6080581
6368121
6922875
8094032
8094033
8249128
8293568
855857
856176
856763
9477577
9477578
9477579
9477580